0.0  1.4  2.8  4.2  5.7  7.1  8.5  9.9  11.3  12.7
1.4  0.0  1.4  2.8  4.2  5.7  7.1  8.5  9.9   11.3
2.8  1.4  0.0  1.4  2.8  4.2  5.7  7.1  8.5   9.9
4.2  2.8  1.4  0.0  1.4  2.8  4.2  5.7  7.1   8.5
5.7  4.2  2.8  1.4  0.0  1.4  2.8  4.2  5.7   7.1
7.1  5.7  4.2  2.8  1.4  0.0  1.4  2.8  4.2   5.7
8.5  7.1  5.7  4.2  2.8  1.4  0.0  1.4  2.8   4.2
9.9  8.5  7.1  5.7  4.2   2.8  1.4  0.0  1.4   2.8
11.3  9.9  8.5  7.1  5.7  4.2  2.8  1.4  0.0   1.4
12.7  11.3  9.9  8.5  7.1  5.7  4.2  2.8  1.4  0.0